0306_05088_b-0.jpg 1 0 0 85 68
0258_06413_b-0.jpg 1 0 0 71 57
0305_04101_b-0.jpg 1 0 0 78 62
0258_05987_b-0.jpg 1 0 0 92 74
0316_05313_b-0.jpg 1 0 0 85 68
0315_04519_b-0.jpg 1 0 0 84 67
0314_06109_b-0.jpg 1 0 0 84 67
0311_08018_b-0.jpg 1 0 0 76 61
0257_06825_b-0.jpg 1 0 0 65 52
0309_06007_b-0.jpg 1 0 0 76 61
0249_00984_b-0.jpg 1 0 0 65 52
0310_07150_b-0.jpg 1 0 0 78 62
0251_05043_b-0.jpg 1 0 0 70 56
0302_05381_b-0.jpg 1 0 0 81 65
0316_07389_b-0.jpg 1 0 0 76 61
0309_05262_b-0.jpg 1 0 0 86 69
0249_00404_b-0.jpg 1 0 0 86 69
0313_04662_b-0.jpg 1 0 0 80 64
0311_05730_b-0.jpg 1 0 0 88 70
0255_07272_b-0.jpg 1 0 0 64 51
0306_07265_b-0.jpg 1 0 0 81 65
0253_05735_b-0.jpg 1 0 0 61 49
0317_04262_b-0.jpg 1 0 0 84 67
0313_04421_b-0.jpg 1 0 0 81 65
0256_06104_b-0.jpg 1 0 0 66 53
0305_08221_b-0.jpg 1 0 0 82 66
0253_07090_b-0.jpg 1 0 0 65 52
0255_05669_b-0.jpg 1 0 0 71 57
0302_08233_b-0.jpg 1 0 0 95 76
0257_04030_b-0.jpg 1 0 0 85 68
0252_01426_b-0.jpg 1 0 0 95 76
0252_05688_b-0.jpg 1 0 0 86 69
0308_01685_b-0.jpg 1 0 0 81 65
0304_07392_b-0.jpg 1 0 0 71 57
0300_04128_b-0.jpg 1 0 0 75 60
0305_01307_b-0.jpg 1 0 0 82 66
0259_04561_b-0.jpg 1 0 0 79 63
0301_06523_b-0.jpg 1 0 0 72 58
0256_06748_b-0.jpg 1 0 0 75 60
0310_06703_b-0.jpg 1 0 0 84 67
0300_06654_b-0.jpg 1 0 0 81 65
0316_06813_b-0.jpg 1 0 0 75 60
0311_06191_b-0.jpg 1 0 0 85 68
0256_06336_b-0.jpg 1 0 0 84 67
0257_06012_b-0.jpg 1 0 0 78 62
0301_02272_b-0.jpg 1 0 0 78 62
0259_05991_b-0.jpg 1 0 0 91 73
0252_05497_b-0.jpg 1 0 0 82 66
0300_06559_b-0.jpg 1 0 0 86 69
0300_06692_b-0.jpg 1 0 0 71 57
0256_05284_b-0.jpg 1 0 0 90 72
0254_07092_b-0.jpg 1 0 0 76 61
0257_05164_b-0.jpg 1 0 0 94 75
0252_06193_b-0.jpg 1 0 0 65 52
0249_08308_b-0.jpg 1 0 0 88 70
0302_05034_b-0.jpg 1 0 0 79 63
0259_06081_b-0.jpg 1 0 0 84 67
0301_08123_b-0.jpg 1 0 0 59 47
0259_00506_b-0.jpg 1 0 0 96 77
0312_08282_b-0.jpg 1 0 0 79 63
0316_06166_b-0.jpg 1 0 0 90 72
0301_06356_b-0.jpg 1 0 0 90 72
0255_05062_b-0.jpg 1 0 0 79 63
0251_07030_b-0.jpg 1 0 0 78 62
0257_04368_b-0.jpg 1 0 0 85 68
0309_06495_b-0.jpg 1 0 0 92 74
0258_00465_b-0.jpg 1 0 0 85 68
0255_04602_b-0.jpg 1 0 0 86 69
0312_07010_b-0.jpg 1 0 0 90 72
0249_06036_b-0.jpg 1 0 0 74 59
0253_01652_b-0.jpg 1 0 0 78 62
0302_00286_b-0.jpg 1 0 0 89 71
0314_05240_b-0.jpg 1 0 0 89 71
0312_05600_b-0.jpg 1 0 0 72 58
0302_01513_b-0.jpg 1 0 0 86 69
0257_05420_b-0.jpg 1 0 0 75 60
0307_04743_b-0.jpg 1 0 0 75 60
0307_04182_b-0.jpg 1 0 0 82 66
0316_06385_b-0.jpg 1 0 0 88 70
0308_05665_b-0.jpg 1 0 0 79 63
0253_05888_b-0.jpg 1 0 0 85 68
0304_06912_b-0.jpg 1 0 0 80 64
0253_06106_b-0.jpg 1 0 0 82 66
0308_06731_b-0.jpg 1 0 0 74 59
0253_04437_b-0.jpg 1 0 0 65 52
0255_06511_b-0.jpg 1 0 0 74 59
0302_06557_b-0.jpg 1 0 0 80 64
0312_05504_b-0.jpg 1 0 0 85 68
0309_07312_b-0.jpg 1 0 0 88 70
0305_08299_b-0.jpg 1 0 0 90 72
0251_06093_b-0.jpg 1 0 0 71 57
0306_05636_b-0.jpg 1 0 0 82 66
0302_08253_b-0.jpg 1 0 0 84 67
0301_07224_b-0.jpg 1 0 0 81 65
0303_06385_b-0.jpg 1 0 0 86 69
0258_05146_b-0.jpg 1 0 0 69 55
0258_05908_b-0.jpg 1 0 0 91 73
0313_05149_b-0.jpg 1 0 0 86 69
0249_04799_b-0.jpg 1 0 0 72 58
0318_05008_b-0.jpg 1 0 0 81 65
0304_05676_b-0.jpg 1 0 0 80 64
0250_04249_b-0.jpg 1 0 0 84 67
0300_06715_b-0.jpg 1 0 0 72 58
0257_03048_b-0.jpg 1 0 0 89 71
0256_08083_b-0.jpg 1 0 0 72 58
0318_05402_b-0.jpg 1 0 0 80 64
0304_05657_b-0.jpg 1 0 0 76 61
0258_05228_b-0.jpg 1 0 0 89 71
0250_07351_b-0.jpg 1 0 0 78 62
0304_04979_b-0.jpg 1 0 0 88 70
0253_06153_b-0.jpg 1 0 0 82 66
0251_04333_b-0.jpg 1 0 0 75 60
0257_04316_b-0.jpg 1 0 0 85 68
0305_04793_b-0.jpg 1 0 0 75 60
0258_04132_b-0.jpg 1 0 0 84 67
0251_06509_b-0.jpg 1 0 0 94 75
0258_07099_b-0.jpg 1 0 0 90 72
0255_05272_b-0.jpg 1 0 0 78 62
0306_07285_b-0.jpg 1 0 0 76 61
0301_06684_b-0.jpg 1 0 0 80 64
0317_01998_b-0.jpg 1 0 0 90 72
0301_01589_b-0.jpg 1 0 0 90 72
0315_08182_b-0.jpg 1 0 0 80 64
0317_04508_b-0.jpg 1 0 0 78 62
0249_08347_b-0.jpg 1 0 0 84 67
0318_05414_b-0.jpg 1 0 0 90 72
0300_07142_b-0.jpg 1 0 0 92 74
0253_05732_b-0.jpg 1 0 0 70 56
0315_04289_b-0.jpg 1 0 0 74 59
0303_06824_b-0.jpg 1 0 0 84 67
0311_08207_b-0.jpg 1 0 0 78 62
0249_00586_b-0.jpg 1 0 0 89 71
0249_07048_b-0.jpg 1 0 0 85 68
0311_04070_b-0.jpg 1 0 0 86 69
0308_06826_b-0.jpg 1 0 0 76 61
0315_06165_b-0.jpg 1 0 0 85 68
0313_06899_b-0.jpg 1 0 0 70 56
0312_00517_b-0.jpg 1 0 0 75 60
0257_08272_b-0.jpg 1 0 0 79 63
0254_04526_b-0.jpg 1 0 0 86 69
0317_08220_b-0.jpg 1 0 0 92 74
0313_07153_b-0.jpg 1 0 0 88 70
0254_05123_b-0.jpg 1 0 0 72 58
0302_08195_b-0.jpg 1 0 0 61 49
0256_04748_b-0.jpg 1 0 0 79 63
0259_02136_b-0.jpg 1 0 0 71 57
0313_05945_b-0.jpg 1 0 0 76 61
0256_06916_b-0.jpg 1 0 0 84 67
0300_05565_b-0.jpg 1 0 0 88 70
0304_06288_b-0.jpg 1 0 0 85 68
0308_07234_b-0.jpg 1 0 0 74 59
0310_06199_b-0.jpg 1 0 0 76 61
0258_04125_b-0.jpg 1 0 0 81 65
0303_06563_b-0.jpg 1 0 0 75 60
0253_05670_b-0.jpg 1 0 0 70 56
0301_04090_b-0.jpg 1 0 0 88 70
0316_08096_b-0.jpg 1 0 0 88 70
0251_07090_b-0.jpg 1 0 0 72 58
0249_05926_b-0.jpg 1 0 0 80 64
0314_08293_b-0.jpg 1 0 0 89 71
0254_08017_b-0.jpg 1 0 0 80 64
0302_08192_b-0.jpg 1 0 0 85 68
0300_05485_b-0.jpg 1 0 0 82 66
0249_02212_b-0.jpg 1 0 0 76 61
0300_07384_b-0.jpg 1 0 0 80 64
0307_06345_b-0.jpg 1 0 0 75 60
0248_08125_b-0.jpg 1 0 0 81 65
0308_06515_b-0.jpg 1 0 0 89 71
0249_08080_b-0.jpg 1 0 0 75 60
0308_05320_b-0.jpg 1 0 0 78 62
0311_04828_b-0.jpg 1 0 0 86 69
0300_08022_b-0.jpg 1 0 0 78 62
0316_04905_b-0.jpg 1 0 0 85 68
0316_04240_b-0.jpg 1 0 0 79 63
0310_05831_b-0.jpg 1 0 0 86 69
0255_03013_b-0.jpg 1 0 0 61 49
0256_03048_b-0.jpg 1 0 0 68 54
0302_04345_b-0.jpg 1 0 0 65 52
0300_05183_b-0.jpg 1 0 0 85 68
0254_02098_b-0.jpg 1 0 0 91 73
0258_06866_b-0.jpg 1 0 0 90 72
0306_04292_b-0.jpg 1 0 0 92 74
0312_05588_b-0.jpg 1 0 0 91 73
0255_04769_b-0.jpg 1 0 0 62 50
0257_04207_b-0.jpg 1 0 0 76 61
0318_04662_b-0.jpg 1 0 0 91 73
0250_04426_b-0.jpg 1 0 0 72 58
0256_04915_b-0.jpg 1 0 0 69 55
0249_00316_b-0.jpg 1 0 0 64 51
0303_07121_b-0.jpg 1 0 0 88 70
0259_06071_b-0.jpg 1 0 0 80 64
0316_05220_b-0.jpg 1 0 0 89 71
0307_05152_b-0.jpg 1 0 0 89 71
0302_07260_b-0.jpg 1 0 0 79 63
0250_02065_b-0.jpg 1 0 0 78 62
0258_02192_b-0.jpg 1 0 0 84 67
0317_04106_b-0.jpg 1 0 0 82 66
0254_05925_b-0.jpg 1 0 0 70 56
0251_04747_b-0.jpg 1 0 0 81 65
0249_05715_b-0.jpg 1 0 0 80 64
0304_07398_b-0.jpg 1 0 0 81 65
0311_05772_b-0.jpg 1 0 0 75 60
0259_04193_b-0.jpg 1 0 0 82 66
0316_06919_b-0.jpg 1 0 0 74 59
0253_06368_b-0.jpg 1 0 0 69 55
0256_06418_b-0.jpg 1 0 0 80 64
0315_04385_b-0.jpg 1 0 0 80 64
0305_06157_b-0.jpg 1 0 0 88 70
0253_01158_b-0.jpg 1 0 0 85 68
0248_06621_b-0.jpg 1 0 0 79 63
0302_02259_b-0.jpg 1 0 0 85 68
0316_04495_b-0.jpg 1 0 0 86 69
0301_06728_b-0.jpg 1 0 0 69 55
0313_04096_b-0.jpg 1 0 0 86 69
0256_06559_b-0.jpg 1 0 0 79 63
0251_01938_b-0.jpg 1 0 0 89 71
0258_05844_b-0.jpg 1 0 0 81 65
0250_06810_b-0.jpg 1 0 0 76 61
0304_04071_b-0.jpg 1 0 0 85 68
0249_05720_b-0.jpg 1 0 0 89 71
0258_05430_b-0.jpg 1 0 0 90 72
0259_06228_b-0.jpg 1 0 0 80 64
0256_07076_b-0.jpg 1 0 0 100 80
0313_05912_b-0.jpg 1 0 0 81 65
0302_04617_b-0.jpg 1 0 0 61 49
0258_05596_b-0.jpg 1 0 0 84 67
0303_01887_b-0.jpg 1 0 0 90 72
0301_06167_b-0.jpg 1 0 0 82 66
0316_04080_b-0.jpg 1 0 0 76 61
0248_04991_b-0.jpg 1 0 0 95 76
0313_04659_b-0.jpg 1 0 0 85 68
0307_05979_b-0.jpg 1 0 0 82 66
0308_06990_b-0.jpg 1 0 0 86 69
0252_08125_b-0.jpg 1 0 0 61 49
0254_04984_b-0.jpg 1 0 0 91 73
0258_04244_b-0.jpg 1 0 0 75 60
0313_05990_b-0.jpg 1 0 0 79 63
0256_04505_b-0.jpg 1 0 0 74 59
